//原始球数,需要射入球数,第一阶段速度（n度每秒）,第一阶段时间,第二阶段速度,第二阶段时间,end;
LEVEL1,0,6,40,10,40,10,end;
LEVEL2,5,6,-40,10,-40,10,end;
LEVEL3,6,6,40,10,40,10,end;
LEVEL4,7,6,-40,10,-40,10,end;
LEVEL5,8,7,40,10,40,10,end;
LEVEL6,9,9,-40,10,-40,10,end;
LEVEL7,7,12,40,10,40,10,end;
LEVEL8,8,12,-40,10,-40,10,end;
LEVEL9,9,12,40,10,40,10,end;
LEVEL10,10,12,-40,10,-40,10,end;
LEVEL11,5,6,60,10,60,10,end;
LEVEL12,6,7,-60,10,-60,10,end;
LEVEL13,8,8,60,10,60,10,end;
LEVEL14,9,9,-60,10,-60,10,end;
LEVEL15,9,10,60,10,60,10,end;
LEVEL16,8,12,-60,10,-60,10,end;
LEVEL17,9,12,60,10,60,10,end;
LEVEL18,9,14,-60,10,-60,10,end;
LEVEL19,10,12,60,10,60,10,end;
LEVEL20,10,14,-60,10,-60,10,end;
LEVEL21,7,6,130,6,60,2,end;
LEVEL22,8,6,-130,6,-60,2,end;
LEVEL23,7,7,130,6,60,2,end;
LEVEL24,8,7,-130,6,-60,2,end;
LEVEL25,7,8,130,6,60,2,end;
LEVEL26,8,8,-130,6,-60,2,end;
LEVEL27,7,12,130,6,60,2,end;
LEVEL28,8,12,-130,6,-60,2,end;
LEVEL29,7,12,130,6,60,2,end;
LEVEL30,8,12,-130,6,-60,2,end;
LEVEL31,10,10,80,10,80,10,end;
LEVEL32,10,11,-80,10,-80,10,end;
LEVEL33,10,12,80,10,80,10,end;
LEVEL34,10,13,-80,10,-80,10,end;
LEVEL35,10,14,80,10,80,10,end;
LEVEL36,10,15,-80,10,-80,10,end;
LEVEL37,10,16,80,10,80,10,end;
LEVEL38,10,17,-80,10,-80,10,end;
LEVEL39,10,18,80,10,80,10,end;
LEVEL40,10,19,-80,10,-80,10,end;
LEVEL41,6,15,80,4,-80,10,end;
LEVEL42,7,14,-80,4,80,10,end;
LEVEL43,8,13,80,4,-80,10,end;
LEVEL44,9,12,-80,4,80,10,end;
LEVEL45,10,11,80,5,-80,10,end;
LEVEL46,11,10,-80,5,80,10,end;
LEVEL47,12,9,80,5,-80,10,end;
LEVEL48,13,8,-80,5,80,10,end;
LEVEL49,14,7,80,5,-80,10,end;
LEVEL50,15,6,-80,5,80,10,end;
LEVEL51,0,20,120,10,120,10,end;
LEVEL52,0,22,-110,10,-110,10,end;
LEVEL53,0,24,100,10,100,10,end;
LEVEL54,0,26,-90,10,-90,10,end;
LEVEL55,0,28,80,10,80,10,end;
LEVEL56,0,30,-70,10,-70,10,end;
LEVEL57,0,32,60,10,60,10,end;
LEVEL58,0,34,-50,10,-50,10,end;
LEVEL59,0,36,40,10,40,10,end;
LEVEL60,0,38,-30,10,-30,10,end;
LEVEL61,8,10,60,3,100,5,end;
LEVEL62,8,12,-60,3,-100,5,end;
LEVEL63,8,14,60,3,100,5,end;
LEVEL64,8,16,-60,3,-100,5,end;
LEVEL65,8,18,60,3,100,5,end;
LEVEL66,10,10,-60,3,-100,5,end;
LEVEL67,10,12,60,3,100,5,end;
LEVEL68,10,14,-60,3,-100,5,end;
LEVEL69,10,16,60,3,100,5,end;
LEVEL70,10,18,-60,3,-100,5,end;
LEVEL71,6,15,80,4,-100,10,end;
LEVEL72,7,14,-80,3,100,8,end;
LEVEL73,8,13,80,3,-100,10,end;
LEVEL74,9,12,-80,2,100,10,end;
LEVEL75,10,11,80,4,-100,8,end;
LEVEL76,11,10,-80,4,100,10,end;
LEVEL77,12,9,80,3,-100,10,end;
LEVEL78,13,8,-80,4,100,10,end;
LEVEL79,14,7,80,3,-100,10,end;
LEVEL80,15,6,-80,2,100,10,end;
LEVEL81,5,25,50,2,100,2,end;
LEVEL82,6,25,-50,2,-100,2,end;
LEVEL83,7,25,50,2,100,2,end;
LEVEL84,5,18,-80,2,-100,2,end;
LEVEL85,6,18,80,2,100,2,end;
LEVEL86,7,18,-80,2,-100,2,end;
LEVEL87,5,20,70,2,120,2,end;
LEVEL88,6,20,-70,2,-120,2,end;
LEVEL89,7,20,70,2,120,2,end;
LEVEL90,16,1,120,3,180,3,end;
LEVEL91,16,2,-120,3,180,3,end;
LEVEL92,16,3,120,3,180,3,end;
LEVEL93,16,4,-120,3,180,3,end;
LEVEL94,16,5,100,3,120,3,end;
LEVEL95,16,6,-100,3,-120,3,end;
LEVEL96,16,7,100,3,120,3,end;
LEVEL97,16,8,-100,3,-120,3,end;
LEVEL98,16,9,100,3,-120,3,end;
LEVEL99,16,10,-100,3,120,3,end;
LEVEL100,16,11,100,3,-120,3,end;
LEVEL101,16,12,-100,3,120,3,end;
LEVEL102,16,13,100,3,-120,3,end;
LEVEL103,16,14,-100,3,120,3,end;
LEVEL104,16,15,100,3,-120,3,end;
LEVEL105,6,24,-100,10,-100,10,end;
LEVEL106,6,22,80,3,-80,4,end;
LEVEL107,6,24,-80,3,80,4,end;
LEVEL108,6,26,80,3,-80,4,end;
LEVEL109,4,28,-80,3,80,4,end;
LEVEL110,5,30,80,3,-80,4,end;
LEVEL111,6,32,-80,3,80,4,end;
LEVEL112,3,34,100,3,-100,4,end;
LEVEL113,3,36,-100,3,80,4,end;
LEVEL114,2,38,100,3,-80,4,end;
LEVEL115,2,40,-120,3,80,4,end;
LEVEL116,10,15,120,10,120,10,end;
LEVEL117,15,10,-110,10,-110,10,end;
LEVEL118,0,25,120,10,120,10,end;
LEVEL119,2,20,-120,3,100,5,end;
LEVEL120,3,15,130,3,110,5,end;
LEVEL121,18,1,130,3,110,5,end;
LEVEL122,18,2,-130,3,110,5,end;
LEVEL123,18,3,130,3,110,5,end;
LEVEL124,18,4,-130,3,110,5,end;
LEVEL125,18,5,130,3,110,5,end;
LEVEL126,20,1,130,3,-120,3,end;
LEVEL127,20,2,-130,3,120,3,end;
LEVEL128,20,3,130,3,-120,3,end;
LEVEL129,20,4,-130,3,120,3,end;
LEVEL130,20,5,130,3,-120,3,end;
LEVEL131,20,6,-130,3,-120,3,end;
LEVEL132,20,7,130,3,120,3,end;
LEVEL133,20,8,130,3,-120,3,end;
LEVEL134,20,9,-130,3,120,3,end;
LEVEL135,16,10,100,3,-120,3,end;
LEVEL136,16,11,100,3,-120,3,end;
LEVEL137,16,12,-100,3,120,3,end;
LEVEL138,16,13,100,3,-120,3,end;
LEVEL139,16,14,-100,3,120,3,end;
LEVEL140,16,15,100,3,-120,3,end;
LEVEL141,5,20,180,3,180,5,end;
LEVEL142,6,19,-180,3,-180,5,end;
LEVEL143,8,18,180,3,180,5,end;
LEVEL144,9,17,-180,3,-180,5,end;
LEVEL145,9,16,180,3,180,5,end;
LEVEL146,8,15,-180,3,-180,5,end;
LEVEL147,9,14,180,3,180,5,end;
LEVEL148,9,13,-180,3,-180,5,end;
LEVEL149,10,12,180,3,180,5,end;
LEVEL150,10,11,-180,3,-180,5,end;
LEVEL151,1,20,180,3,180,5,end;
LEVEL152,1,20,-180,3,180,5,end;
LEVEL153,2,19,180,3,180,5,end;
LEVEL154,2,19,-180,3,180,5,end;
LEVEL155,3,18,180,3,180,5,end;
LEVEL156,3,18,-180,3,180,5,end;
LEVEL157,4,17,180,3,180,5,end;
LEVEL158,4,17,-180,3,180,5,end;
LEVEL159,5,16,180,3,180,5,end;
LEVEL160,5,16,-180,3,180,5,end;
LEVEL161,6,6,200,6,-80,2,end;
LEVEL162,6,7,-200,6,80,2,end;
LEVEL163,7,8,200,6,-80,2,end;
LEVEL164,7,9,-200,6,80,2,end;
LEVEL165,8,10,200,6,-80,2,end;
LEVEL166,8,11,-200,6,80,2,end;
LEVEL167,9,12,200,6,-80,2,end;
LEVEL168,9,13,-200,6,80,2,end;
LEVEL169,10,14,200,6,-80,2,end;
LEVEL170,10,15,-200,6,80,2,end;
LEVEL171,0,25,160,2,200,4,end;
LEVEL172,1,24,-160,2,-200,4,end;
LEVEL173,2,23,160,2,200,4,end;
LEVEL174,3,22,-160,2,-200,4,end;
LEVEL175,4,21,160,2,200,4,end;
LEVEL176,5,20,-160,2,-200,4,end;
LEVEL177,4,20,180,2,200,4,end;
LEVEL178,3,20,-180,2,-200,4,end;
LEVEL179,2,20,180,2,200,4,end;
LEVEL180,1,20,-180,2,-200,4,end;
LEVEL181,10,10,180,4,-80,2,end;
LEVEL182,11,10,-180,4,80,2,end;
LEVEL183,12,10,180,4,-80,2,end;
LEVEL184,13,10,-180,4,-80,2,end;
LEVEL185,14,10,180,4,-80,2,end;
LEVEL186,15,10,-180,4,80,2,end;
LEVEL187,16,10,180,4,-80,2,end;
LEVEL188,17,10,180,4,80,2,end;
LEVEL189,18,10,180,4,-80,2,end;
LEVEL190,19,10,-180,4,-80,2,end;
LEVEL191,10,20,250,2,-120,4,end;
LEVEL192,11,20,-250,2,-120,4,end;
LEVEL193,12,20,-250,2,120,4,end;
LEVEL194,13,20,-220,2,-120,4,end;
LEVEL195,14,20,220,2,-120,4,end;
LEVEL196,15,15,220,2,120,4,end;
LEVEL197,16,15,-250,4,-120,4,end;
LEVEL198,17,15,250,4,-120,4,end;
LEVEL199,18,15,250,4,120,4,end;
LEVEL200,19,15,-250,4,-120,4,end;
